   0.0000000      2.27999992E-14  1.23999999E-14  5.55000022E-16  1.42433496E-25  1.79443792E-25  1.82648124E-26
  2.08169036E-02  2.84000000E-14  1.56999996E-14  6.76000002E-16  1.77841616E-25  2.24304734E-25  2.21100378E-26
  4.17873003E-02  3.54000005E-14  1.96000002E-14  8.22999976E-16  2.22702558E-25  2.78778735E-25  2.69165689E-26
  6.25819787E-02  4.40000006E-14  2.46000001E-14  1.00000000E-15  2.77176559E-25  3.46070148E-25  3.25241866E-26
  8.31441358E-02  5.46000013E-14  3.07000011E-14  1.21999998E-15  3.44467972E-25  4.27781125E-25  3.92533273E-26
  0.10414556      6.73999973E-14  3.83000008E-14  1.48000002E-15  4.26178998E-25  5.30320470E-25  4.74244287E-26
  0.12483014      8.30999969E-14  4.74999983E-14  1.80000007E-15  5.27116117E-25  6.53688061E-25  5.71977035E-26
  0.14581770      1.01999999E-13  5.86999999E-14  2.18000001E-15  6.48881531E-25  8.04292701E-25  6.87333767E-26
  0.16672604      1.25000000E-13  7.21999974E-14  2.63000003E-15  7.94679593E-25  9.85338645E-25  8.23518770E-26
  0.18752071      1.51999995E-13  8.83999972E-14  3.17000005E-15  9.69316880E-25  1.20323465E-24  9.85338608E-26
  0.20817253      1.85000005E-13  1.08000001E-13  3.79999987E-15  1.17599765E-24  1.45958289E-24  1.17279322E-25
  0.22916970      2.23000004E-13  1.30000001E-13  4.54000004E-15  1.41792640E-24  1.76239435E-24  1.38908717E-25
  0.24993177      2.66999991E-13  1.56999996E-13  5.38000007E-15  1.69830709E-24  2.11487318E-24  1.63422015E-25
  0.27067885      3.17999994E-13  1.87000006E-13  6.33000003E-15  2.01874259E-24  2.51541730E-24  1.90659016E-25
  0.29159084      3.76000012E-13  2.22000004E-13  7.37999986E-15  2.38724318E-24  2.98004848E-24  2.22702558E-25
  0.31175384      4.40000006E-13  2.60999989E-13  8.52000033E-15  2.80380907E-24  3.47672340E-24  2.54746088E-25
  0.33243847      5.09999974E-13  3.01999989E-13  9.70000024E-15  3.25241869E-24  4.02146341E-24  2.89993971E-25
  0.35410845      5.84999985E-13  3.46000003E-13  1.09000003E-14  3.71704987E-24  4.59824695E-24  3.23639677E-25
  0.37474832      6.59999995E-13  3.91000004E-13  1.18999998E-14  4.19770282E-24  5.17503048E-24  3.54081031E-25
  0.39619935      7.32000018E-13  4.34000004E-13  1.27000004E-14  4.64631224E-24  5.71977049E-24  3.79715879E-25
  0.41664052      7.99000026E-13  4.74000017E-13  1.31999997E-14  5.07889989E-24  6.20042344E-24  3.95737644E-25
  0.43775058      8.58999991E-13  5.09000014E-13  1.34000002E-14  5.46342225E-24  6.61698973E-24  4.05350703E-25
  0.45788187      9.08999980E-13  5.37999983E-13  1.33000004E-14  5.76783618E-24  6.92140326E-24  4.03748502E-25
  0.47856650      9.43999978E-13  5.56999976E-13  1.28000002E-14  5.99214089E-24  7.11366444E-24  3.90931090E-25
  0.49968711      9.62999971E-13  5.67000006E-13  1.18999998E-14  6.10429325E-24  7.14570797E-24  3.66898467E-25
  0.52113807      9.64999998E-13  5.65999992E-13  1.05999998E-14  6.12031462E-24  7.01753306E-24  3.31650560E-25
  0.54157925      9.49999953E-13  5.55000002E-13  9.03999979E-15  6.00816226E-24  6.76118482E-24  2.85187441E-25
  0.56229293      9.19000011E-13  5.34999996E-13  7.22000042E-15  5.81590108E-24  6.37666286E-24  2.32315617E-25
  0.58319879      8.74999997E-13  5.08000001E-13  5.29999992E-15  5.54353147E-24  5.89600991E-24  1.77841616E-25
  0.60422605      8.22000020E-13  4.75999990E-13  3.50999992E-15  5.20707441E-24  5.38331343E-24  1.24168691E-25
  0.62428212      7.64999988E-13  4.40999993E-13  2.07999994E-15  4.83857342E-24  4.87061695E-24  7.96281806E-26
  0.64542228      7.05000023E-13  4.05999995E-13  1.14000004E-15  4.47007283E-24  4.38996400E-24  4.74244287E-26
  0.66651803      6.46999977E-13  3.72000011E-13  5.90999981E-16  4.11759400E-24  3.98941988E-24  2.69165689E-26
  0.68752897      5.94000001E-13  3.40999988E-13  3.01999989E-16  3.78113693E-24  3.63694105E-24  1.48201326E-26
  0.70842093      5.45999986E-13  3.13999992E-13  1.51999996E-16  3.49274516E-24  3.34854928E-24  8.02690469E-27
  0.72916484      5.03999999E-13  2.90999999E-13  7.59999981E-17  3.23639692E-24  3.10822280E-24  4.27781165E-27
  0.74973631      4.69000002E-13  2.70999992E-13  3.75000015E-17  3.02811398E-24  2.89993966E-24  2.25906902E-27
  0.77011526      4.40999993E-13  2.53000014E-13  1.82000001E-17  2.85187436E-24  2.72370024E-24  1.16478240E-27
  0.79098845      4.11999997E-13  2.37000008E-13  8.56999977E-18  2.67563495E-24  2.56348259E-24  5.84794472E-28
  0.81224465      3.60000007E-13  2.14000001E-13  3.23000008E-18  2.37122142E-24  2.33917789E-24  2.49939557E-28
  0.83314711      2.92999999E-13  1.84000005E-13  1.17000003E-18  1.97067729E-24  2.08282965E-24  9.99758179E-29
  0.85369825      2.29999993E-13  1.53999995E-13  4.41999980E-19  1.58455275E-24  1.79443788E-24  4.30985506E-29
  0.87448180      1.75000002E-13  1.25000000E-13  1.73000004E-19  1.23527818E-24  1.52527213E-24  2.05078603E-29
  0.89542258      1.29000001E-13  9.91999993E-14  7.01000026E-20  9.34068997E-25  1.25450430E-24  1.07986704E-29
  0.91645396      9.28000014E-14  7.61000014E-14  2.91999991E-20  6.88935944E-25  1.00136041E-24  6.21644520E-30
  0.93701607      6.55000007E-14  5.68000000E-14  1.24999996E-20  4.96674764E-25  7.73851298E-25  3.84522408E-30
  0.95760727      4.55999984E-14  4.13999991E-14  5.66999998E-21  3.50876678E-25  5.81590118E-25  2.48337382E-30
  0.97863698      3.12000012E-14  2.96000000E-14  2.74000003E-21  2.45133029E-25  4.26178998E-25  1.65024191E-30
  0.99956548      2.11999997E-14  2.06999995E-14  1.43999997E-21  1.68228545E-25  3.06015736E-25  1.11831934E-30
   1.0203613      1.42999999E-14  1.44000006E-14  8.18999986E-22  1.14235194E-25  2.14691675E-25  7.62636096E-31
   1.0409977      9.59000030E-15  9.82000024E-15  4.98999986E-22  7.70646970E-26  1.48521776E-25  5.22309568E-31
   1.0606978      6.40000011E-15  6.66999991E-15  3.24999990E-22  5.17503046E-26  1.01898433E-25  3.58887547E-31
   1.0827854      4.26999981E-15  4.52999996E-15  2.11999994E-22  3.47672325E-26  6.96946838E-26  2.45133031E-31
   1.1038038      2.91999997E-15  3.23999991E-15  1.42999997E-22  2.41928679E-26  5.03083439E-26  1.69830734E-31
   1.1238517      1.73000000E-15  2.01999994E-15  9.83999976E-23  1.46599153E-26  3.17230984E-26  1.20483681E-31
   1.1461281      1.02000004E-15  1.23000005E-15  6.81000017E-23  8.74788427E-27  1.95465557E-26  8.50755808E-32
   1.1673174      5.92000009E-16  7.46000022E-16  4.72999989E-23  5.17503077E-27  1.20003031E-26  5.97611865E-32
   1.1875207      3.41000006E-16  4.46000010E-16  3.29999986E-23  3.02811404E-27  7.28990368E-27  4.11759420E-32
   1.2068259      1.94000006E-16  2.61999996E-16  1.92000004E-23  1.76239423E-27  4.32587709E-27  2.46735206E-32
